"ID"	"Allele_freq"	"Depth"	"Ploidy"	"PathologicalPurity"	"ComputationalPurity"
"TP53"	79.58	1180	2	0.2	0.668
"FGFR1"	20.98	448	2	0.2	0.668
"KRAS"	85.13	1614	8	0.2	0.668
"POLD1"	27.92	1071	2	0.2	0.668
"APC"	51.53	1114	2	0.2	0.668
"PBRM1"	73.35	972	2	0.2	0.668
"KEAP1"	60.13	622	2	0.2	0.668
"ARID1A"	11.24	356	2	0.2	0.668
"BARD1"	25.59	852	2	0.2	0.668
"XRCC2"	40.28	1209	2	0.2	0.668
"STAG2"	23.48	690	2	0.2	0.668
"APC"	44.43	988	2	0.2	0.668
"GRM3"	39.17	937	2	0.2	0.668
"KDM5C"	63.86	534	2	0.2	0.668
"MYCN"	40	120	2	0.2	0.668
"ROS1"	70.93	602	2	0.2	0.668
"CD22"	42.2	1199	2	0.2	0.668
"C17orf39"	54.45	461	2	0.2	0.668
"GATA6"	29.56	680	2	0.2	0.668
"RET"	50.68	803	2	0.2	0.668
"PPARG"	74.81	667	2	0.2	0.668
